 7  4 -1 -1   0 -2   0  -1  -3  4   2   0  2  3  3  3  2   2  2  2
-3  5  0 -2  -2  0  -3  -3  -3 -1  -1  -4 -1 -3 -2 -3 -4  -4 -4 -3
-8 -4  5 -1  -4  2  -3  -5  -6 -6  -2  -6 -5 -6 -6 -7 -7  -7 -7 -5
-8 -4  2  7   3  4   1  -2  -3 -6  -4  -2 -5 -6 -4 -6 -4  -3 -8 -5
-7 -4  2  6  11  3   2  -1  -3 -3  -4  -3 -1 -5  0 -2 -1  -3 -6 -5
-10 -5  2  1  -1  5  -3  -6  -5 -7  -3  -8 -6 -7 -5 -8 -8  -8 -8 -7
-8 -4  1  2   1  3  10   5   4 -4  -3  -4 -3 -5 -6 -4 -3  -2 -5 -6
-7 -4 -1 -1   1  0   4  10   3 -4  -5  -3 -4 -3 -4 -4 -2   0 -4 -3
-6 -2 -2 -3  -3 -3   3   5  16 -1 -10  -7 -5 -7 -7 -8 -2  -6 -5 -7
-4  0 -3 -4  -4 -3  -5  -3  -5  5   1  -5  0 -2 -2 -3 -3  -4 -2 -2
-6 -3 -2 -4  -5 -2  -4  -6  -5 -3   4  -6 -2 -4 -3 -5 -5  -6 -4 -3
-7  0  2 -1   2 -1  -1  -1  -6 -1  -1  15 -8 -5 -4 -6 -2  -4 -6 -6
-7 -4 -2 -5 -10 -4  -2  -7  -4 -5  -4  -9  4 -5 -4 -6 -7  -5 -6 -5
 0  0 -1 -1   1  2  -1   0  -3  2   1  -2  0  7  2  2  1   2  3  1
-3  0  0  0  -1 -1  -3  -2  -6 -1   0  -2  1  0  7  2  2   0 -1  2
-3 -2  0 -3   0 -2  -6  -3  -8 -1  -1  -4  1  0  2  7  3   0 -1  1
-4 -3  1 -2  -1 -1  -5  -3  -6 -3  -2  -4  0 -1  1  2  8  -1 -2 -1
-4 -2 -1 -2   1 -1  -1   2  -3 -2  -2  -3  0  0  0  0  1  11 -2 -2
-2 -3 -5 -4  -4 -5  -3  -4  -6  0   0  -6 -1  1  0 -2 -4  -2  6  2
-3 -2 -2 -3  -2 -3  -4  -4  -8 -2   1  -7  1 -1  0 -1 -3  -2  1  7
