 6 -2 -7 -9  -8 -6  -7  -7 -11 -3 -3  -9 -4 -4 -4 -3 -7  -6 -4 -3
 1  6 -1 -2  -3 -1  -4  -3  -1  1  1   1  0 -2  0 -1 -2  -4 -2 -1
-4  0  7  2   2  6  -2  -1  -2 -3  2  -1 -4 -3 -2 -1 -4  -3 -5 -3
-4 -1  2  8   5  4   2   0  -1 -3 -1  -1 -4 -4 -3 -3 -3  -5 -6 -4
-5 -1  3  4  11  1   2   0  -1 -3  0  -2 -3 -1 -2 -1 -3  -2 -4 -3
-4 -2  6  3   4  9   2   1  -3 -5  0   0 -4 -4 -3 -2 -3  -5 -5 -4
-3 -2  1  4   1  2  11   6   4 -3 -2   1 -5 -3 -2 -4 -4   0 -6 -4
-3 -3  0  0  -2 -2   6  10   5 -3 -3   0 -5 -2 -2 -3 -2   2 -3 -3
-5 -4 -2  1   0 -3   4   1  16 -3 -4  -3 -5 -2 -4 -5 -6  -1 -7 -4
-2  1 -3 -4  -5 -5  -4  -5  -6  6  1  -4 -3 -1 -1 -1 -3  -3 -2 -1
-2  0 -2 -2  -3 -3  -6  -5  -8  2  5  -7 -1 -2 -1 -1 -3  -5 -4 -1
-3  4  0  0  -2 -1  -2  -1   1 -1 -1  15 -4 -5 -3 -3 -4   0 -5 -6
-5 -3 -5 -4  -3 -5  -7  -9  -8 -4 -3  -7  8 -3 -2 -2 -3  -4 -4 -4
-1 -1 -5 -5  -4 -6  -4  -1  -3  1  0  -2 -2  7  1  2  0   2  2  0
-2 -1 -1 -3   2 -4  -5  -4  -7  0  0  -6 -1  0  8  3  1   1 -1  3
-2 -2 -3 -5  -5 -5  -5  -3  -5 -1  0  -9 -2  0  1  6  2  -1 -2  0
-3 -1 -3 -5  -6 -6  -5  -1  -8 -2 -1  -6 -2  0  1  3  9   1 -3 -1
-3 -3 -4 -3  -5 -4  -1   3  -2 -2 -1  -4 -3  2  1  0  2  12 -2 -1
-1 -2 -5 -4  -7 -9  -6  -4  -7  0 -2  -7 -1  2  0  0 -2  -2  8  2
-2 -2 -4 -4  -5 -7  -7  -4  -8  0 -1  -7 -1 -1  1  0 -2  -3  1  7
